place(-9.265, 1.000, -13.155, "Scout", 714)
upgrade(-9.265, 2.350, -13.155, 464)
place(-6.198, 1.000, -13.238, "Scout", 314)
upgrade(-6.198, 2.350, -13.238, 340)
place(-9.182, 1.000, -16.200, "Scout", 678)
upgrade(-9.182, 2.350, -16.200, 433)
place(-6.117, 1.000, -16.306, "Scout", 306)
upgrade(-6.117, 2.350, -16.306, 574)
place(-3.167, 1.000, -13.143, "Scout", 600)
upgrade(-3.167, 2.350, -13.143, 364)
place(-3.054, 1.000, -16.288, "Scout", 230)
place(-3.047, 1.000, -16.201, "Scout", 265)
upgrade(-3.047, 2.350, -16.201, 638)
place(0.070, 1.000, -13.236, "Scout", 728)
upgrade(0.070, 2.350, -13.236, 488)
place(0.030, 1.000, -16.472, "Scout", 358)
upgrade(0.030, 2.350, -16.472, 898)
place(-5.517, 1.000, -7.724, "Scout", 1069)
upgrade(-5.517, 2.350, -7.724, 862)
place(-2.289, 1.000, -7.585, "Scout", 1984)
upgrade(-2.289, 2.350, -7.585, 1754)
place(0.937, 1.000, -7.567, "Scout", 1604)
upgrade(0.937, 2.350, -7.567, 1354)
upgrade(0.937, 2.350, -7.567, 1204)
upgrade(-2.289, 2.350, -7.585, 2294)
upgrade(-5.517, 2.350, -7.724, 1794)
upgrade(-9.265, 2.350, -13.155, 1294)
upgrade(-9.182, 2.350, -16.200, 794)
upgrade(-6.198, 2.350, -13.238, 527)
upgrade(-6.117, 2.350, -16.306, 1742)
upgrade(-3.047, 2.350, -16.201, 1279)
upgrade(-3.167, 2.350, -13.143, 779)
upgrade(0.030, 2.350, -16.472, 639)
upgrade(0.070, 2.350, -13.236, 2019)
upgrade(-9.182, 2.350, -16.200, 3539)
upgrade(-6.117, 2.350, -16.306, 3898)
upgrade(-3.047, 2.350, -16.201, 2446)
upgrade(0.030, 2.350, -16.472, 2697)
upgrade(0.070, 2.350, -13.236, 3445)
upgrade(-3.167, 2.350, -13.143, 2348)
upgrade(-6.198, 2.350, -13.238, 2390)
upgrade(-9.265, 2.350, -13.155, 2631)
upgrade(-5.517, 2.350, -7.724, 3255)
upgrade(-2.289, 2.350, -7.585, 2408)
upgrade(0.937, 2.350, -7.567, 3474)
upgrade(-9.182, 2.350, -16.200, 1640)
upgrade(-6.117, 2.350, -16.306, 6139)
upgrade(-3.047, 2.350, -16.201, 5607)
upgrade(0.030, 2.350, -16.472, 7026)
upgrade(0.070, 2.350, -13.236, 5878)
upgrade(-3.167, 2.350, -13.143, 5955)
upgrade(-6.198, 2.350, -13.238, 8568)
upgrade(-9.265, 2.350, -13.155, 5606)
upgrade(-5.517, 2.350, -7.724, 5543)
upgrade(-2.289, 2.350, -7.585, 8449)
upgrade(0.937, 2.350, -7.567, 5836)
place(-5.653, 1.000, -4.609, "Scout", 1086)
upgrade(-5.653, 2.350, -4.609, 1811)
upgrade(-5.653, 2.350, -4.609, 1661)
upgrade(-5.653, 2.350, -4.609, 1161)
upgrade(-5.653, 2.350, -4.609, 1161)
upgrade(-5.653, 2.350, -4.609, 4261)
upgrade(-5.653, 2.350, -4.609, 6936)
place(-2.646, 1.000, -4.357, "Scout", 3936)
upgrade(-2.646, 2.350, -4.357, 6186)
upgrade(-2.646, 2.350, -4.357, 6036)
upgrade(-2.646, 2.350, -4.357, 5560)
upgrade(-2.646, 2.350, -4.357, 3211)
upgrade(-2.646, 2.350, -4.357, 5711)
place(0.656, 1.000, -4.550, "Scout", 5211)
upgrade(0.656, 2.350, -4.550, 7461)
upgrade(0.656, 2.350, -4.550, 7311)
upgrade(0.656, 2.350, -4.550, 6812)
upgrade(0.656, 2.350, -4.550, 4596)
upgrade(0.656, 2.350, -4.550, 6986)
