place(-6.000, 1.000, -23.164, "Brawler", 714)
upgrade(-6.000, 2.472, -23.164, 344)
upgrade(-6.000, 2.472, -23.164, 1223)
place(-3.880, 1.000, -23.131, "Brawler", 1541)
upgrade(-3.880, 2.472, -23.131, 971)
upgrade(-3.880, 2.472, -23.131, 1612)
place(-5.857, 1.000, -25.585, "Brawler", 1126)
upgrade(-5.857, 2.472, -25.585, 541)
upgrade(-5.857, 2.472, -25.585, 1284)
place(-3.694, 1.000, -25.221, "Brawler", 797)
upgrade(-3.694, 2.472, -25.221, 382)
upgrade(-3.694, 2.472, -25.221, 1634)
place(-1.732, 1.000, -23.064, "Brawler", 824)
upgrade(-1.732, 2.472, -23.064, 314)
upgrade(-1.732, 2.472, -23.064, 1346)
place(-1.629, 1.000, -25.177, "Brawler", 737)
upgrade(-1.629, 2.472, -25.177, 307)
upgrade(-1.629, 2.472, -25.177, 1477)
upgrade(-6.000, 2.472, -23.164, 3722)
upgrade(-3.880, 2.472, -23.131, 2043)
upgrade(-1.732, 2.472, -23.064, 3621)
upgrade(-5.857, 2.472, -25.585, 3933)
upgrade(-3.694, 2.472, -25.221, 2612)
upgrade(-1.629, 2.472, -25.177, 10405)
upgrade(-6.000, 2.472, -23.164, 8405)
upgrade(-3.880, 2.472, -23.131, 6665)
upgrade(-1.732, 2.472, -23.064, 7884)
upgrade(-5.857, 2.472, -25.585, 5989)
upgrade(-3.694, 2.472, -25.221, 6065)
upgrade(-1.629, 2.472, -25.177, 6756)
upgrade(-6.000, 2.472, -23.164, 12634)
upgrade(-3.880, 2.472, -23.131, 13196)
upgrade(-1.732, 2.472, -23.064, 12731)
upgrade(-5.857, 2.472, -25.585, 15928)
upgrade(-3.694, 2.472, -25.221, 12863)
upgrade(-1.629, 2.472, -25.177, 13293)
place(-5.832, 1.000, -7.659, "Soldier", 1743)
upgrade(-5.832, 2.350, -7.659, 1359)
upgrade(-5.832, 2.350, -7.659, 1109)
upgrade(-5.832, 2.350, -7.659, 311)
upgrade(-5.832, 2.350, -7.659, 13267)
upgrade(-5.832, 2.350, -7.659, 14576)
place(-2.622, 1.000, -7.729, "Soldier", 3475)
upgrade(-2.622, 2.350, -7.729, 3350)
upgrade(-2.622, 2.350, -7.729, 2743)
upgrade(-2.622, 2.350, -7.729, 17164)
upgrade(-2.622, 2.350, -7.729, 873)
place(-5.937, 1.000, -4.296, "Soldier", 3292)
upgrade(-5.937, 2.350, -4.296, 3586)
upgrade(-5.937, 2.350, -4.296, 3534)
upgrade(-5.937, 2.350, -4.296, 13630)
upgrade(-5.937, 2.350, -4.296, 15205)
place(-2.769, 1.000, -4.516, "Soldier", 1980)
upgrade(-2.769, 2.350, -4.516, 2155)
upgrade(-2.769, 2.350, -4.516, 2280)
upgrade(-2.769, 2.350, -4.516, 15690)
upgrade(-2.769, 2.350, -4.516, 15218)
place(-8.950, 1.000, -3.816, "Soldier", 4393)
upgrade(-8.950, 2.350, -3.816, 3893)
upgrade(-8.950, 2.350, -3.816, 3968)
upgrade(-8.950, 2.350, -3.816, 3968)
upgrade(-8.950, 2.350, -3.816, 6587)
upgrade(-8.950, 2.350, -3.816, 16048)
place(0.438, 1.000, -7.716, "Soldier", 2641)
upgrade(0.438, 2.350, -7.716, 3048)
upgrade(0.438, 2.350, -7.716, 3448)
upgrade(0.438, 2.350, -7.716, 606)
upgrade(0.438, 2.350, -7.716, 17825)
place(0.405, 1.000, -4.348, "Soldier", 3325)
upgrade(0.405, 2.350, -4.348, 5225)
upgrade(0.405, 2.350, -4.348, 5403)
upgrade(0.405, 2.350, -4.348, 6100)
upgrade(0.405, 2.350, -4.348, 67989)
place(-12.016, 1.000, -3.655, "Soldier", 53489)
upgrade(-12.016, 2.350, -3.655, 52990)
upgrade(-12.016, 2.350, -3.655, 52740)
upgrade(-12.016, 2.350, -3.655, 51940)
upgrade(-12.016, 2.350, -3.655, 46190)
upgrade(-12.016, 2.350, -3.655, 31690)
place(0.458, 1.000, -1.177, "Soldier", 31690)
upgrade(0.458, 2.350, -1.177, 31191)
upgrade(0.458, 2.350, -1.177, 30941)
upgrade(0.458, 2.350, -1.177, 30141)
upgrade(0.458, 2.350, -1.177, 24391)
